Husband,In-family,Married,Not-in-family,Other-relative,Own-child,Realtionship,Unmarried,Wife
0.0,0.5,0.25,0.8,0.8,0.3333333333333333,0.75,0.6,0.4
0.5,0.0,0.3333333333333333,0.6666666666666666,0.6666666666666666,0.6666666666666666,0.5,0.3333333333333333,0.5
0.25,0.3333333333333333,0.0,0.75,0.75,0.5,0.6666666666666666,0.5,0.25
0.8,0.6666666666666666,0.75,0.0,0.6666666666666666,0.8571428571428571,0.5,0.75,0.8
0.8,0.6666666666666666,0.75,0.6666666666666666,0.0,0.8571428571428571,0.5,0.75,0.8
0.3333333333333333,0.6666666666666666,0.5,0.8571428571428571,0.8571428571428571,0.0,0.8333333333333334,0.7142857142857143,0.3333333333333333
0.75,0.5,0.6666666666666666,0.5,0.5,0.8333333333333334,0.0,0.6666666666666666,0.75
0.6,0.3333333333333333,0.5,0.75,0.75,0.7142857142857143,0.6666666666666666,0.0,0.6
0.4,0.5,0.25,0.8,0.8,0.3333333333333333,0.75,0.6,0.0
