Husband,In-family,Married,Not-in-family,Other-relative,Own-child,Realtionship,Unmarried,Wife
0.0,0.5849625007211562,0.32192809488736235,0.84799690655495,0.84799690655495,0.41503749927884376,0.8073549220576041,0.6780719051126377,0.4854268271702417
0.5849625007211562,0.0,0.41503749927884376,0.7369655941662061,0.7369655941662061,0.7369655941662061,0.5849625007211562,0.41503749927884376,0.5849625007211562
0.32192809488736235,0.41503749927884376,0.0,0.8073549220576041,0.8073549220576041,0.5849625007211562,0.7369655941662061,0.5849625007211562,0.32192809488736235
0.84799690655495,0.7369655941662061,0.8073549220576041,0.0,0.7369655941662061,0.8930847960834881,0.5849625007211562,0.8073549220576041,0.84799690655495
0.84799690655495,0.7369655941662061,0.8073549220576041,0.7369655941662061,0.0,0.8930847960834881,0.5849625007211562,0.8073549220576041,0.84799690655495
0.41503749927884376,0.7369655941662061,0.5849625007211562,0.8930847960834881,0.8930847960834881,0.0,0.8744691179161412,0.7776075786635521,0.41503749927884376
0.8073549220576041,0.5849625007211562,0.7369655941662061,0.5849625007211562,0.5849625007211562,0.8744691179161412,0.0,0.7369655941662061,0.8073549220576041
0.6780719051126377,0.41503749927884376,0.5849625007211562,0.8073549220576041,0.8073549220576041,0.7776075786635521,0.7369655941662061,0.0,0.6780719051126377
0.4854268271702417,0.5849625007211562,0.32192809488736235,0.84799690655495,0.84799690655495,0.41503749927884376,0.8073549220576041,0.6780719051126377,0.0
